pygame 2.1.2 (SDL 2.0.16, Python 3.6.9)
Hello from the pygame community. https://www.pygame.org/contribute.html
[ 0.  0.  0.  0.  0.  0.  0.  0.  0.  0.  0.  0.  0.  0.  0.  0.  0.  0.
  0.  0.  0.  0.  0.  0.  0.  0.  0.  0.  0.  0.  0.  0.  0.  0.  0.  0.
  0.  0.  0.  0.  0.  0.  0.  0.  0.  0.  0.  0.  0.  0.  0.  0.  0.  0.
  0.  0.  0.  0.  0.  0.  0.  0.  0.  0.  0.  0.  0.  0.  0.  0.  0.  0.
  0.  0.  0.  0.  0.  0.  0.  0.  0.  0.  0.  0.  0.  0.  0.  0.  0.  0.
  0.  0.  0.  0.  0.  0.  0.  0.  0.  0.  0.  0.  0.  0.  0.  0.  0.  0.
  0.  0.  0.  0.  0.  0.  0.  0.  0.  0.  0.  0.  0.  0.  0.  0.  0.  0.
  0.  0.  0.  0.  0.  0.  0.  0.  0.  0.  0.  0.  0.  0.  0.  0.  0.  0.
  0.  0.  0.  0.  0.  0.  0.  0.  0.  0.  0.  0.  0.  0.  0.  0.  0.  0.
  0.  0.  0.  0.  0.  0.  0.  0.  0.  0.  0.  0.  0.  0.  0.  0.  0.  0.
  0.  0.  0.  0.  0.  0.  0.  0.  0.  0.  0.  0.  0.  0.  0.  0.  0.  0.
  0.  0.]
Quantidade de Tetros:  8
{0: array([[0, 0, 0, 0],
       [0, 0, 0, 0],
       [0, 0, 0, 0],
       [1, 1, 1, 1]]), 2: array([[0, 0, 0, 0],
       [0, 0, 0, 0],
       [0, 0, 0, 0],
       [1, 1, 1, 1]]), -2: array([[0, 0, 0, 0],
       [0, 0, 0, 0],
       [0, 0, 0, 0],
       [1, 1, 1, 1]]), -1: array([[1, 0, 0, 0],
       [1, 0, 0, 0],
       [1, 0, 0, 0],
       [1, 0, 0, 0]]), 1: array([[1, 0, 0, 0],
       [1, 0, 0, 0],
       [1, 0, 0, 0],
       [1, 0, 0, 0]]), 3: array([[1, 0, 0, 0],
       [1, 0, 0, 0],
       [1, 0, 0, 0],
       [1, 0, 0, 0]]), -3: array([[1, 0, 0, 0],
       [1, 0, 0, 0],
       [1, 0, 0, 0],
       [1, 0, 0, 0]])}
Tetromino : 0
Padrão  0
[[0 0 0 0]
 [0 0 0 0]
 [0 0 0 0]
 [1 1 1 1]]
Padrão  2
[[0 0 0 0]
 [0 0 0 0]
 [0 0 0 0]
 [1 1 1 1]]
Padrão  -2
[[0 0 0 0]
 [0 0 0 0]
 [0 0 0 0]
 [1 1 1 1]]
Padrão  -1
[[1 0 0 0]
 [1 0 0 0]
 [1 0 0 0]
 [1 0 0 0]]
Padrão  1
[[1 0 0 0]
 [1 0 0 0]
 [1 0 0 0]
 [1 0 0 0]]
Padrão  3
[[1 0 0 0]
 [1 0 0 0]
 [1 0 0 0]
 [1 0 0 0]]
Padrão  -3
[[1 0 0 0]
 [1 0 0 0]
 [1 0 0 0]
 [1 0 0 0]]
####################
Tetromino : 1
Padrão  0
[[0 0 0 0]
 [0 0 0 0]
 [0 1 0 0]
 [1 1 1 0]]
Padrão  1
[[0 0 0 0]
 [0 1 0 0]
 [1 1 0 0]
 [0 1 0 0]]
Padrão  -3
[[0 0 0 0]
 [0 1 0 0]
 [1 1 0 0]
 [0 1 0 0]]
Padrão  2
[[0 0 0 0]
 [0 0 0 0]
 [1 1 1 0]
 [0 1 0 0]]
Padrão  -2
[[0 0 0 0]
 [0 0 0 0]
 [1 1 1 0]
 [0 1 0 0]]
Padrão  3
[[0 0 0 0]
 [1 0 0 0]
 [1 1 0 0]
 [1 0 0 0]]
Padrão  -1
[[0 0 0 0]
 [1 0 0 0]
 [1 1 0 0]
 [1 0 0 0]]
####################
Tetromino : 2
Padrão  0
[[0 1 1 0]
 [1 1 0 0]
 [0 0 0 0]
 [0 0 0 0]]
Padrão  1
[[1 0 0 0]
 [1 1 0 0]
 [0 1 0 0]
 [0 0 0 0]]
Padrão  -3
[[1 0 0 0]
 [1 1 0 0]
 [0 1 0 0]
 [0 0 0 0]]
Padrão  3
[[1 0 0 0]
 [1 1 0 0]
 [0 1 0 0]
 [0 0 0 0]]
Padrão  -1
[[1 0 0 0]
 [1 1 0 0]
 [0 1 0 0]
 [0 0 0 0]]
Padrão  2
[[0 1 1 0]
 [1 1 0 0]
 [0 0 0 0]
 [0 0 0 0]]
Padrão  -2
[[0 1 1 0]
 [1 1 0 0]
 [0 0 0 0]
 [0 0 0 0]]
####################
Tetromino : 3
Padrão  -3
[[0 1 1 0]
 [0 1 1 0]
 [0 0 0 0]
 [0 0 0 0]]
Padrão  -2
[[0 1 1 0]
 [0 1 1 0]
 [0 0 0 0]
 [0 0 0 0]]
Padrão  -1
[[0 1 1 0]
 [0 1 1 0]
 [0 0 0 0]
 [0 0 0 0]]
Padrão  0
[[0 1 1 0]
 [0 1 1 0]
 [0 0 0 0]
 [0 0 0 0]]
Padrão  1
[[0 1 1 0]
 [0 1 1 0]
 [0 0 0 0]
 [0 0 0 0]]
Padrão  2
[[0 1 1 0]
 [0 1 1 0]
 [0 0 0 0]
 [0 0 0 0]]
Padrão  3
[[0 1 1 0]
 [0 1 1 0]
 [0 0 0 0]
 [0 0 0 0]]
####################
Tetromino : 4
Padrão  0
[[1 1 0 0]
 [0 1 1 0]
 [0 0 0 0]
 [0 0 0 0]]
Padrão  2
[[1 1 0 0]
 [0 1 1 0]
 [0 0 0 0]
 [0 0 0 0]]
Padrão  -2
[[1 1 0 0]
 [0 1 1 0]
 [0 0 0 0]
 [0 0 0 0]]
Padrão  1
[[0 1 0 0]
 [1 1 0 0]
 [1 0 0 0]
 [0 0 0 0]]
Padrão  -3
[[0 1 0 0]
 [1 1 0 0]
 [1 0 0 0]
 [0 0 0 0]]
Padrão  3
[[0 1 0 0]
 [1 1 0 0]
 [1 0 0 0]
 [0 0 0 0]]
Padrão  -1
[[0 1 0 0]
 [1 1 0 0]
 [1 0 0 0]
 [0 0 0 0]]
####################
Tetromino : 5
Padrão  0
[[0 0 1 0]
 [0 0 1 0]
 [0 0 1 0]
 [0 1 0 0]]
Padrão  1
[[0 1 1 1]
 [0 0 0 1]
 [0 0 0 0]
 [0 0 0 0]]
Padrão  -3
[[0 1 1 1]
 [0 0 0 1]
 [0 0 0 0]
 [0 0 0 0]]
Padrão  -2
[[0 1 1 0]
 [0 1 0 0]
 [0 1 0 0]
 [0 0 0 0]]
Padrão  2
[[0 1 1 0]
 [0 1 0 0]
 [0 1 0 0]
 [0 0 0 0]]
Padrão  -1
[[0 1 0 0]
 [0 1 1 1]
 [0 0 0 0]
 [0 0 0 0]]
Padrão  3
[[0 1 0 0]
 [0 1 1 1]
 [0 0 0 0]
 [0 0 0 0]]
####################
Tetromino : 6
Padrão  0
[[0 1 0 0]
 [0 1 0 0]
 [0 1 1 0]
 [0 0 0 0]]
Padrão  1
[[0 0 0 1]
 [0 1 1 1]
 [0 0 0 0]
 [0 0 0 0]]
Padrão  -3
[[0 0 0 1]
 [0 1 1 1]
 [0 0 0 0]
 [0 0 0 0]]
Padrão  -2
[[0 1 1 0]
 [0 0 1 0]
 [0 0 1 0]
 [0 0 0 0]]
Padrão  2
[[0 1 1 0]
 [0 0 1 0]
 [0 0 1 0]
 [0 0 0 0]]
Padrão  -1
[[0 1 1 1]
 [0 1 0 0]
 [0 0 0 0]
 [0 0 0 0]]
Padrão  3
[[0 1 1 1]
 [0 1 0 0]
 [0 0 0 0]
 [0 0 0 0]]
####################
Tetromino : 7
Padrão  -3
[[0 1 0 0]
 [1 0 1 0]
 [0 1 0 0]
 [0 0 0 0]]
Padrão  -2
[[0 1 0 0]
 [1 0 1 0]
 [0 1 0 0]
 [0 0 0 0]]
Padrão  -1
[[0 1 0 0]
 [1 0 1 0]
 [0 1 0 0]
 [0 0 0 0]]
Padrão  0
[[0 1 0 0]
 [1 0 1 0]
 [0 1 0 0]
 [0 0 0 0]]
Padrão  1
[[0 1 0 0]
 [1 0 1 0]
 [0 1 0 0]
 [0 0 0 0]]
Padrão  2
[[0 1 0 0]
 [1 0 1 0]
 [0 1 0 0]
 [0 0 0 0]]
Padrão  3
[[0 1 0 0]
 [1 0 1 0]
 [0 1 0 0]
 [0 0 0 0]]
####################
[[0 0 0 0]
 [0 0 0 0]
 [0 0 0 0]
 [1 1 1 1]]
